¹þ·òÂüÊ÷Îª£º
  parent lchild rchild data weight
0:  49     -1     -1         186
1:  44     -1     -1     A    64
2:  32     -1     -1     B    13
3:  36     -1     -1     C    22
4:  38     -1     -1     D    32
5:  47     -1     -1     E   103
6:  35     -1     -1     F    21
7:  33     -1     -1     G    15
8:  40     -1     -1     H    47
9:  42     -1     -1     I    57
10:  28     -1     -1     J     1
11:  30     -1     -1     K     5
12:  38     -1     -1     L    32
13:  35     -1     -1     M    20
14:  42     -1     -1     N    57
15:  43     -1     -1     O    63
16:  32     -1     -1     P    15
17:  28     -1     -1     Q     1
18:  41     -1     -1     R    48
19:  41     -1     -1     S    51
20:  45     -1     -1     T    80
21:  36     -1     -1     U    23
22:  31     -1     -1     V     8
23:  34     -1     -1     W    18
24:  27     -1     -1     X     1
25:  33     -1     -1     Y    16
26:  27     -1     -1     Z     1
27:  29     26     24           2
28:  29     17     10           2
29:  30     28     27           4
30:  31     29     11           9
31:  34     22     30          17
32:  37      2     16          28
33:  37      7     25          31
34:  39     31     23          35
35:  39     13      6          41
36:  40      3     21          45
37:  43     32     33          59
38:  44     12      4          64
39:  45     34     35          76
40:  46     36      8          92
41:  46     18     19          99
42:  47     14      9         114
43:  48     37     15         122
44:  48     38      1         128
45:  49     39     20         156
46:  50     40     41         191
47:  50      5     42         217
48:  51     43     44         250
49:  51     45      0         342
50:  52     46     47         408
51:  52     48     49         592
52:  -1     50     51        1000
ÿ